Субъект федерации	Количество компаний	perc
1	Басманный	24 453	4,01	
2	Пресненский	22 483	3,69	
3	Тверской	19 628	3,22	
4	Даниловский	18 430	3,02	
5	Хамовники	17 973	2,95	
6	Красносельский	14 334	2,35	
7	Мещанский	14 179	2,33	
8	Таганский	12 598	2,07	
9	Замоскворечье	12 329	2,02	
10	Перово	10 368	1,70	
11	Можайский	9 168	1,50	
12	Донской	9 019	1,48	
13	Южное Бутово	8 360	1,37	
14	Коньково	7 874	1,29	
15	Арбат	7 747	1,27	
16	Якиманка	7 621	1,25	
17	Хорошевский	7 466	1,22	
18	Нагатино-Садовники	7 398	1,21	
19	Лефортово	7 217	1,18	
20	Соколиная гора	7 100	1,16	
21	Черемушки	6 975	1,14	
22	Академический	6 809	1,12	
23	Сокольники	6 561	1,08	
24	Алексеевский	6 255	1,03	
25	Нижегородский	6 164	1,01	
26	Зюзино	6 158	1,01	
27	Рязанский	6 062	0,99	
28	Очаково-Матвеевское	5 810	0,95	
29	Останкинский	5 791	0,95	
30	Хорошево-Мневники	5 718	0,94	
31	Гольяново	5 701	0,94	
32	Аэропорт	5 533	0,91	
33	Бабушкинский	5 521	0,91	
34	Сокол	5 498	0,90	
35	Раменки	5 484	0,90	
36	Выхино-Жулебино	5 439	0,89	
37	Головинский	5 337	0,88	
38	Дорогомилово	5 153	0,85	
39	Ломоносовский	5 110	0,84	
40	Нагорный	5 094	0,84	
41	Марьино	4 967	0,81	
42	Преображенское	4 929	0,81	
43	Отрадное	4 833	0,79	
44	Бутырский	4 805	0,79	
45	Щукино	4 725	0,77	
46	Покровское-Стрешнево	4 695	0,77	
47	Филевский парк	4 552	0,75	
48	Люблино	4 548	0,75	
49	Царицыно	4 479	0,73	
50	Войковский	4 478	0,73	
51	Южнопортовый	4 397	0,72	
52	Беговой	4 396	0,72	
53	Западное Дегунино	4 324	0,71	
54	Московский	4 284	0,70	
55	Богородское	4 256	0,70	
56	Печатники	4 219	0,69	
57	Южное Тушино	4 174	0,68	
58	Митино	4 044	0,66	
59	Кунцево	4 028	0,66	
60	Марьина роща	3 903	0,64	
61	Обручевский	3 823	0,63	
62	Тропарево-Никулино	3 687	0,60	
63	Ховрино	3 676	0,60	
64	Гагаринский	3 647	0,60	
65	Коптево	3 585	0,59	
66	Крылатское	3 481	0,57	
67	Москворечье-Сабурово	3 396	0,56	
68	Ярославский	3 378	0,55	
69	Измайлово	3 298	0,54	
70	Бирюлево Восточное	3 291	0,54	
71	Ясенево	3 252	0,53	
72	Тимирязевский	3 238	0,53	
73	Текстильщики	3 222	0,53	
74	Нагатинский затон	3 161	0,52	
75	Котловка	3 114	0,51	
76	Новогиреево	3 073	0,50	
77	Свиблово	3 066	0,50	
78	Чертаново Южное	2 995	0,49	
79	Северное Бутово	2 975	0,49	
80	Чертаново Центральное	2 911	0,48	
81	Ростокино	2 875	0,47	
82	Савеловский	2 823	0,46	
83	Чертаново Северное	2 797	0,46	
84	Фили-Давыдково	2 794	0,46	
85	Лосиноостровский	2 700	0,44	
86	Строгино	2 660	0,44	
87	Сосенское	2 610	0,43	
88	Северное Тушино	2 487	0,41	
89	Троицк	2 423	0,40	
90	Солнцево	2 394	0,39	
91	Проспект Вернадского	2 100	0,34	
92	Северное Измайлово	2 095	0,34	
93	Кузьминки	2 093	0,34	
94	Восточное Дегунино	2 086	0,34	
95	Косино-Ухтомский	2 050	0,34	
96	Зябликово	2 044	0,34	
97	Левобережный	2 031	0,33	
98	Дмитровский	2 011	0,33	
99	Северное Медведково	1 994	0,33	
100	Ново-Переделкино	1 947	0,32	
101	Марфино	1 939	0,32	
102	Теплый Стан	1 873	0,31	
103	Крюково	1 839	0,30	
104	Вешняки	1 824	0,30	
105	Орехово-Борисово Южное	1 780	0,29	
106	Восточное Измайлово	1 776	0,29	
107	Ивановское	1 776	0,29	
108	Новокосино	1 751	0,29	
109	Савелки	1 727	0,28	
110	Лианозово	1 706	0,28	
111	Бибирево	1 673	0,27	
112	Матушкино	1 664	0,27	
113	Бирюлево Западное	1 628	0,27	
114	Куркино	1 615	0,26	
115	Орехово-Борисово Северное	1 470	0,24	
116	Бескудниковский	1 438	0,24	
117	Южное Медведково	1 406	0,23	
118	Братеево	1 402	0,23	
119	Некрасовка	1 330	0,22	
120	Метрогородок	1 160	0,19	
121	Щербинка	1 149	0,19	
122	Алтуфьевский	1 143	0,19	
123	Старое Крюково	1 064	0,17	
124	Силино	868	0,14	
125	Внуковское	814	0,13	
126	Северный	780	0,13	
127	Первомайское	708	0,12	
128	"Мосрентген"	569	0,09	
129	Внуково	568	0,09	
130	Рязановское	512	0,08	
131	Десеновское	478	0,08	
132	Капотня	427	0,07	
133	Марушкинское	403	0,07	
134	Воскресенское	356	0,06	
135	Краснопахорское	330	0,05	
136	Вороновское	287	0,05	
137	Щаповское	272	0,04	
138	Молжаниновский	239	0,04	
139	Филимонковское	201	0,03	
140	Новофедоровское	190	0,03	
141	Михайлово-Ярцевское	156	0,03	
142	Восточный	138	0,02	
143	Кленовское	126	0,02	
144	Киевский	113	0,02	
145	Кокошкино	108	0,02	
146	Роговское	103	0,02	
147	Центральный	86	0,01	
148	Северный	35	0,01	
149	Восточный	29	0,00	
150	Юго-Западный	27	0,00	
151	Западный	23	0,00	
152	Южный	23	0,00	
153	Юго-Восточный	20	0,00	
154	Северо-Восточный	19	0,00	
155	Северо-Западный	18	0,00	
156	Зеленоградский	10	0,00	
157	Матушкино-Савелки	5	0,00	
158	Панфиловский	3	0,00	
159	Новомосковский	3	0,00	
160	Китай-Город	2	0,00	
161	Троицкий	2	0,00